1 Иванов Иван Иванович |1234 1 5 5 5 5 5 5 5 5 
2 Петров Пётр Сергеевич |1234 1 4 5 4 5 5 4 5 4 
3 Сидорова Анна Викторовна |2345 0 5 5 4 5 5 5 4 5 
4 Кузнецов Алексей Дмитриевич |3456 1 3 4 4 5 3 4 4 5 
5 Смирнова Мария Андреевна |1234 0 4 4 5 5 4 4 5 4 
6 Попов Дмитрий Олегович |4567 1 3 3 4 4 3 4 3 4 
7 Васильева Елена Сергеевна |2345 0 5 5 5 5 5 5 5 5 
8 Новиков Артём Павлович |3456 1 4 5 5 4 5 4 4 5 
9 Фёдорова Ольга Игоревна |1234 0 3 4 3 4 3 4 4 3 
10 Морозов Николай Викторович |4567 1 5 4 5 5 5 4 5 5 
11 Волкова Татьяна Андреевна |2345 0 4 4 4 5 4 4 5 4 
12 Алексеев Сергей Николаевич |3456 1 5 5 5 5 5 5 5 5 
13 Лебедева Наталья Олеговна |1234 0 4 5 4 5 4 5 4 5 
14 Семёнов Игорь Петрович |4567 1 3 4 3 3 4 3 4 3 
15 Егорова Виктория Сергеевна |2345 0 5 5 5 4 5 5 5 4 
16 Павлов Андрей Дмитриевич |3456 1 4 4 5 4 5 4 4 5 
17 Козлова Алина Игоревна |1234 0 3 4 4 3 4 3 4 4 
18 Степанов Максим Олегович |4567 1 5 5 4 5 5 4 5 5 
19 Никитина Дарья Алексеевна |2345 0 4 5 4 4 5 4 5 4 
20 Орлов Кирилл Сергеевич |3456 1 3 4 3 4 3 3 4 3 
21 Макарова Софья Викторовна |1234 0 5 5 5 5 5 5 5 5 
22 Захаров Денис Павлович |4567 1 4 4 5 4 4 5 4 4 
23 Белова Юлия Андреевна |2345 0 3 4 3 4 3 4 3 4 
24 Григорьев Роман Игоревич |3456 1 5 4 5 5 4 5 5 4 
25 Тарасова Екатерина Сергеевна |1234 0 4 5 4 5 4 5 4 5 
26 Баранов Антон Дмитриевич |4567 1 3 3 4 3 4 3 3 4 
27 Жукова Полина Олеговна |2345 0 5 5 5 5 4 5 5 5 
28 Данилов Владислав Сергеевич |3456 1 4 4 5 4 5 4 4 4 
29 Крылова Анастасия Игоревна |1234 0 3 4 4 3 4 3 4 3 
30 Савельев Артём Николаевич |4567 1 5 5 4 5 5 4 5 5 